--- Roots of function ---
 1. -5.544604
 2. -1.833213
 3. 1.381127
Plotting function
-----------------------------------------------------------------------------------------------------------------------------------------------------------------------------------
|                                                                                                                                      ^                                          |
|                                                                                                                                      y                                          |
|                                          11111                                                                                       y                                          |
|                                      1111     1111                                                                                   y                                          |
|                                    11             111                                                                                y                                          |
|                                  233322222222        11                                                                              y                                          |
|                                123   333     2222      11                                                                            y                                          |
|                               12        333      222     1                                                                           y                                          |
|                              12 3          333      222   11                                                                         y                                         3|
|                             12                33       22   1                                                                        y                                          |
|                            12  3                333      22  11                                                                      y                                        3 |
|                           12                       333     22  1                                                                     y                                         2|
|                          1    3                       333    22 1                                                                    y                                       3  |
|                         1 2                              33    221                                                                   y                                         1|
|                        1 2   3                             333   21                                                                  y                                      3 2 |
|                         2                                     333 22                                                                 y                                          |
|                       1     3                                    33321                                                               y                                     3  1 |
|                      1 2                                            333                                                              y                                       2  |
|                     1 2    3                                           1                                                             y                                    3     |
|                                                                        31                                                            y                                      21  |
|                    1 2    3                                             31                                                           y                                   3      |
|                     2                                                    3                                                           y                                  3       |
|                   1      3                                               23                                                          y                                     21   |
|                  1 2    3                                                 23                                                         y                                 3        |
|                                                                             3                                                        y                                          |
|                 1 2    3                                                   2 3                                                       y                                3   21    |
|                                                                             2 3                                                      y                                          |
|                1 2    3                                                      2 3                                                     y                               3   21     |
|                 2                                                               1                                                    y                                          |
|               1      3                                                        2 31                                                   y                              3   2       |
|                2                                                               2 31                                                  y                                   1      |
|              1      3                                                           2 3                                                  y                             3            |
|               2                                                                  2 3                                                 y                                 2        |
|             1      3                                                                3                                                y                            3     1       |
|              2                                                                    2  3                                               y                                2         |
|            1      3                                                                2  3                                              y                           3     1        |
|             2                                                                       2  3                                             y                          3    2          |
|           1      3                                                                   2  3                                            y                                1         |
|                 3                                                                     2  3                                           y                         3    2           |
|            2                                                                             1                                           y                                          |
|          1     3                                                                       2  3                                          y                        3      1          |
|           2                                                                             2  3                                         y                             2            |
|xxxxxxxxxxxxxxxxxxxxxxxxxxxxxxxxxxxxxxxxxxxxxxxxxxxxxxxxxxxxxxxxxxxxxxxxxxxxxxxxxxxxxxxxxxxxxxxxxxxxxxxxxxxxxxxxxxxxxxxxxxxxxxxxxxxxxxyxxxxxxxxxxxxxxxxxxxxxxxxxxxxxxxxxxxxxxxxx>|
|          2                                                                                2  3                                       y                            2             |
|              3                                                                             2  3                                      y                      3      1            |
|        12                                                                                   2  3                                     y                           2              |
|             3                                                                                2  3                                    y                     3      1             |
|                                                                                               2 13                                   y                          2               |
|       12   3                                                                                   2 13                                  y                    3    2 1              |
|                                                                                                 2 1                                  y                                          |
|      12   3                                                                                      2 3                                 y                   3    2 1               |
|                                                                                                   2 3                                y                  3                       |
|          3                                                                                         2 3                               y                       2 1                |
|     12                                                                                              223                              y                 3      1                 |
|         3                                                                                             23                             y                      2                   |
|     2  3                                                                                               23                            y                3    2 1                  |
|    1                                                                                                    23                           y                      1                   |
|       3                                                                                                  23                          y               3    2                     |
|    2                                                                                                       333                       y                   2 1                    |
|   1  3                                                                                                     21 333                    y              3     1                     |
|                                                                                                             21   33                  y                  2                       |
|   2 3                                                                                                        21    333               y             3   2 1                      |
|  1                                                                                                             1      333            y                2 1                       |
|    3                                                                                                          2 1        333         y            3  2 1                        |
|  2                                                                                                             2 11         333      y                1                         |
|   3                                                                                                             2  1           33    y           3  21                          |
| 1                                                                                                                2  1            333 y          3  21                           |
| 23                                                                                                                2  11             3y3           21                            |
|                                                                                                                    2   11            y 333     3 21                             |
|23                                                                                                                   2    1           y    33   22                               |
|                                                                                                                      2    111        y      3331                                |
|3                                                                                                                      22     11      y     112                                  |
|                                                                                                                         22     111111y1111122                                   |
|                                                                                                                           22         y   22                                     |
|                                                                                                                             222      y222                                       |
|                                                                                                                                222222y                                          |
|                                                                                                                                      y                                          |
|                                                                                                                                      y                                          |
----------------------------------------------------------------------------------------------------------------------------------------------------------------------------------- 
Axis: xMin = -6.000000, xMax = 2.000000, yMin = -16.776794, yMax = 19.738455